command: 16
param1: 0.0
param2: 0.0
param3: 0.0
param4: 0.0
param5: -35.36327653518298
param6: 149.16526849458987
param7: 604.0056607722262
